5.000000000000000000e+00 1.495624626833299414e-02
6.000000000000000000e+00 1.498527567192618065e-02
7.000000000000000000e+00 1.595546016149113761e-02
8.000000000000000000e+00 1.523947606566235409e-02
9.000000000000000000e+00 1.595184197306988988e-02
1.000000000000000000e+01 1.418390837340613962e-02
1.100000000000000000e+01 1.345552756573130913e-02
1.200000000000000000e+01 1.411525550474225163e-02
1.300000000000000000e+01 1.376640251134744926e-02
1.400000000000000000e+01 1.425937129755363263e-02
1.500000000000000000e+01 1.526231604217519883e-02
1.600000000000000000e+01 1.482749655627525927e-02
1.700000000000000000e+01 1.491484857753291177e-02
1.800000000000000000e+01 1.408815049133173986e-02
1.900000000000000000e+01 1.474342134337527227e-02
2.000000000000000000e+01 1.538185016919966890e-02
2.100000000000000000e+01 1.423805721578739331e-02
2.200000000000000000e+01 1.472629152469941659e-02
2.300000000000000000e+01 1.474524579468408647e-02
2.400000000000000000e+01 1.536903028190255739e-02
2.500000000000000000e+01 1.501300710281158572e-02
2.600000000000000000e+01 1.493351225728166594e-02
2.700000000000000000e+01 1.553016135616041432e-02
2.800000000000000000e+01 1.538621097331437614e-02
2.900000000000000000e+01 1.513711101246436458e-02
3.000000000000000000e+01 1.562786946047841838e-02
3.100000000000000000e+01 1.563999800899491116e-02
3.200000000000000000e+01 1.569004793965220190e-02
3.300000000000000000e+01 1.598004254404140553e-02
3.400000000000000000e+01 1.673611585607837765e-02
3.500000000000000000e+01 1.620342221353306827e-02
3.600000000000000000e+01 1.635083492066583682e-02
3.700000000000000000e+01 1.605342462301049752e-02
3.800000000000000000e+01 1.556955205439890244e-02
3.900000000000000000e+01 1.630161720400966768e-02
4.000000000000000000e+01 1.658189877716178054e-02
4.100000000000000000e+01 1.665811377431824711e-02
4.200000000000000000e+01 1.681702508138699717e-02
4.300000000000000000e+01 1.680068117599821040e-02
4.400000000000000000e+01 1.690918707085157374e-02
4.500000000000000000e+01 1.666243001157602724e-02
4.600000000000000000e+01 1.723506708054267297e-02
4.700000000000000000e+01 1.758216825375873496e-02
4.800000000000000000e+01 1.754062879191917168e-02
4.900000000000000000e+01 1.787302058300108132e-02
5.000000000000000000e+01 1.739233143516930036e-02
5.100000000000000000e+01 1.749602685117370923e-02
5.200000000000000000e+01 1.800878180253802710e-02
5.300000000000000000e+01 1.735438948051129873e-02
5.400000000000000000e+01 1.780823804045478589e-02
5.500000000000000000e+01 1.762746652407174222e-02
5.600000000000000000e+01 1.811222843070007041e-02
5.700000000000000000e+01 1.831637364017065298e-02
5.800000000000000000e+01 1.858515162099858356e-02
5.900000000000000000e+01 1.851345610523231697e-02
6.000000000000000000e+01 1.893115293793406692e-02
6.100000000000000000e+01 1.878218299600692073e-02
6.200000000000000000e+01 1.858871801432665505e-02
6.300000000000000000e+01 1.873985633850732899e-02
6.400000000000000000e+01 1.916642126554524497e-02
6.500000000000000000e+01 1.903533414383148589e-02
6.600000000000000000e+01 1.903036614811617205e-02
6.700000000000000000e+01 1.934026519087168189e-02
6.800000000000000000e+01 1.897569309141105415e-02
6.900000000000000000e+01 1.957852279797038866e-02
7.000000000000000000e+01 1.979988603316074763e-02
7.100000000000000000e+01 1.941129964102157601e-02
7.200000000000000000e+01 1.934748951549120077e-02
7.300000000000000000e+01 1.974964175728943436e-02
7.400000000000000000e+01 1.960284667714681101e-02
7.500000000000000000e+01 1.949700738378927142e-02
7.600000000000000000e+01 1.963557793550194802e-02
7.700000000000000000e+01 1.989716327652189809e-02
7.800000000000000000e+01 1.959207892387962099e-02
7.900000000000000000e+01 2.041769306763814573e-02
8.000000000000000000e+01 1.992760419999823826e-02
8.100000000000000000e+01 2.058770355056858958e-02
8.200000000000000000e+01 1.972681685114095057e-02
8.300000000000000000e+01 1.974684284618975771e-02
8.400000000000000000e+01 2.024710145987052359e-02
8.500000000000000000e+01 2.006490217530984208e-02
8.600000000000000000e+01 2.022867244794691183e-02
8.700000000000000000e+01 1.974914870973074055e-02
8.800000000000000000e+01 2.041508801658255268e-02
8.900000000000000000e+01 2.027250630897506345e-02
9.000000000000000000e+01 1.988772420051204692e-02
9.100000000000000000e+01 2.020047750702454181e-02
9.200000000000000000e+01 1.992506825480083385e-02
9.300000000000000000e+01 2.037295786196433728e-02
9.400000000000000000e+01 2.006262695676105240e-02
9.500000000000000000e+01 1.950824662946265900e-02
9.600000000000000000e+01 1.987416665114973696e-02
9.700000000000000000e+01 1.988470432481463310e-02
9.800000000000000000e+01 1.977408848599161370e-02
9.900000000000000000e+01 1.968719659519574741e-02
1.000000000000000000e+02 1.999342014047529592e-02
1.010000000000000000e+02 2.017558603521556193e-02
1.020000000000000000e+02 1.965466166377176013e-02
1.030000000000000000e+02 1.903239057839669138e-02
1.040000000000000000e+02 1.924962062964441500e-02
1.050000000000000000e+02 1.895273146064715974e-02
1.060000000000000000e+02 1.895478772909666917e-02
1.070000000000000000e+02 1.935803780252144321e-02
1.080000000000000000e+02 1.874169728017249098e-02
1.090000000000000000e+02 1.860773200824630477e-02
1.100000000000000000e+02 1.854682570166402492e-02
1.110000000000000000e+02 1.885339232397148512e-02
1.120000000000000000e+02 1.896015834471321410e-02
1.130000000000000000e+02 1.828797325390880621e-02
1.140000000000000000e+02 1.811195783980816196e-02
1.150000000000000000e+02 1.814932297412277448e-02
1.160000000000000000e+02 1.766804301443447578e-02
1.170000000000000000e+02 1.781438144061684228e-02
1.180000000000000000e+02 1.822983096183417029e-02
1.190000000000000000e+02 1.757999153725329708e-02
1.200000000000000000e+02 1.758397666912435084e-02
1.210000000000000000e+02 1.713135330091613076e-02
1.220000000000000000e+02 1.713723370855615297e-02
1.230000000000000000e+02 1.746624659358045686e-02
1.240000000000000000e+02 1.692646383559668136e-02
1.250000000000000000e+02 1.633947458104106215e-02
1.260000000000000000e+02 1.657087483744393297e-02
1.270000000000000000e+02 1.628129395014972849e-02
1.280000000000000000e+02 1.669730746167824229e-02
1.290000000000000000e+02 1.627742116741875966e-02
1.300000000000000000e+02 1.599154366012052811e-02
1.310000000000000000e+02 1.581185002991606497e-02
1.320000000000000000e+02 1.594646667243259514e-02
1.330000000000000000e+02 1.586383257171958272e-02
1.340000000000000000e+02 1.602866244318839478e-02
1.350000000000000000e+02 1.541478473259188034e-02
1.360000000000000000e+02 1.520893772712400907e-02
1.370000000000000000e+02 1.466759657665714020e-02
1.380000000000000000e+02 1.522949791370406189e-02
1.390000000000000000e+02 1.459986248424597656e-02
1.400000000000000000e+02 1.442513153756471919e-02
1.410000000000000000e+02 1.461938643602832613e-02
1.420000000000000000e+02 1.445827673872053867e-02
1.430000000000000000e+02 1.388145550703852663e-02
1.440000000000000000e+02 1.425567360823881517e-02
1.450000000000000000e+02 1.407519279455294280e-02
1.460000000000000000e+02 1.413458034016623101e-02
1.470000000000000000e+02 1.390402543240341904e-02
1.480000000000000000e+02 1.334571422844388171e-02
1.490000000000000000e+02 1.354953783702821796e-02
1.500000000000000000e+02 1.340251846357158258e-02
1.510000000000000000e+02 1.219584704733389646e-02
1.520000000000000000e+02 1.285507955696655116e-02
1.530000000000000000e+02 1.265097413844527841e-02
1.540000000000000000e+02 1.283887769974216206e-02
1.550000000000000000e+02 1.296810261661704260e-02
1.560000000000000000e+02 1.243864489981168393e-02
1.570000000000000000e+02 1.281914806275347846e-02
1.580000000000000000e+02 1.283263654404289029e-02
1.590000000000000000e+02 1.221840336937012744e-02
1.600000000000000000e+02 1.148637818932021250e-02
1.610000000000000000e+02 1.265301876730781476e-02
1.620000000000000000e+02 1.173429904447564551e-02
1.630000000000000000e+02 1.158949010029601892e-02
1.640000000000000000e+02 1.204489147567029683e-02
1.650000000000000000e+02 1.165890687633801444e-02
1.660000000000000000e+02 1.174388721687872131e-02
1.670000000000000000e+02 1.184550913767105050e-02
1.680000000000000000e+02 1.169054903766996584e-02
1.690000000000000000e+02 1.100220556917440133e-02
1.700000000000000000e+02 1.094898190227842731e-02
1.710000000000000000e+02 1.065757984636558908e-02
1.720000000000000000e+02 1.153956931287846571e-02
1.730000000000000000e+02 1.134610500372702432e-02
1.740000000000000000e+02 1.167818035122520151e-02
